UPDATE PCPRODUT	
SET OBS2 = ''
WHERE CODPROD IN (3992	, 
4781	,  
22540, 
40991	, 
88100	, 
66	, 
80	, 
90	, 
200	, 
290	, 
297	, 
318	, 
467	, 
524	, 
903	, 
952	, 
1110	, 
1299	, 
1315	, 
1414	, 
1616	, 
2519	, 
2808	, 
3243	, 
3476	, 
3811	, 
4616	, 
5686	, 
7208	, 
7210	, 
7214	, 
8116	, 
8830	, 
9000	, 
9001	, 
12500	, 
12620	, 
15183	, 
17975	, 
20100	, 
32023	, 
889283	, 
889284	, 
889306	, 
889322	, 
889334	, 
889354	, 
889356	, 
889379	, 
889429	, 
889447	, 
889448	, 
889465	, 
889489	, 
889493	, 
889495	, 
889497	, 
889503	, 
889506	, 
889516	, 
889530	, 
889531	, 
889545	, 
889556	, 
889571	, 
889618	, 
889827	, 
899999	, 
8	, 
12	, 
49	, 
61	, 
62	, 
109	, 
307	, 
309	, 
319	, 
320	, 
409	, 
505	, 
513	, 
868	, 
909	, 
980	, 
1016	, 
1021	, 
1213	, 
1250	, 
1251	, 
1253	, 
1482	, 
2216	, 
2327	, 
2453	, 
2454	, 
2513	, 
2678	, 
2944	, 
2946	, 
3129	, 
4040	, 
5370	, 
5394	, 
5398	, 
6066	, 
8144	, 
10101	, 
10102	, 
10602	, 
20010	, 
32022	, 
34558	, 
37258	, 
40014	, 
40044	, 
40053	, 
40520	, 
50400	, 
50640	, 
68002	, 
70777	, 
73240	, 
80222	, 
80320	, 
82540	, 
82600	, 
82615	, 
82616	, 
82630	, 
82631	, 
82632	, 
88611	, 
88826	, 
100400	, 
109520	, 
110200	, 
308474	, 
372563	, 
398915	, 
676450	, 
801189	, 
850400	, 
850640	, 
872256	, 
880000	, 
880001	, 
880002	, 
880003	, 
880004	, 
880005	, 
880006	, 
880007	, 
880008	, 
880009	, 
880010	, 
880011	, 
880012	, 
880013	, 
880014	, 
880015	, 
880016	, 
880017	, 
880018	, 
880019	, 
880020	, 
880021	, 
880022	, 
880023	, 
880024	, 
880025	, 
880026	, 
880027	, 
880028	, 
880029	, 
880030	, 
880031	, 
880032	, 
880033	, 
880034	, 
880035	, 
880036	, 
880037	, 
880038	, 
880039	, 
880040	, 
880041	, 
880042	, 
880043	, 
880044	, 
880045	, 
880046	, 
880047	, 
880048	, 
880049	, 
880050	, 
880051	, 
880052	, 
880053	, 
880054	, 
880055	, 
880056	, 
880057	, 
880058	, 
880059	, 
880060	, 
880061	, 
880062	, 
880063	, 
880064	, 
880065	, 
880066	, 
880067	, 
880068	, 
880069	, 
880070	, 
880071	, 
880073	, 
880074	, 
880075	, 
880076	, 
880077	, 
880078	, 
880079	, 
880080	, 
880081	, 
880082	, 
880083	, 
880084	, 
880088	, 
880090	, 
880091	, 
880100	, 
880101	, 
880102	, 
880103	, 
880104	, 
880105	, 
880106	, 
880108	, 
880110	, 
880111	, 
880112	, 
880113	, 
880114	, 
880115	, 
880116	, 
880117	, 
880118	, 
880119	, 
880120	, 
880121	, 
880122	, 
880123	, 
880125	, 
880126	, 
880127	, 
880128	, 
880129	, 
880130	, 
880132	, 
880133	, 
880134	, 
880135	, 
880136	, 
880137	, 
880138	, 
880139	, 
880140	, 
880141	, 
880142	, 
880143	, 
880144	, 
880145	, 
880147	, 
880148	, 
880149	, 
880150	, 
880151	, 
880152	, 
880153	, 
880154	, 
880155	, 
880157	, 
880158	, 
880159	, 
880160	, 
880161	, 
880165	, 
880166	, 
880168	, 
880169	, 
880170	, 
880173	, 
880174	, 
880175	, 
880178	, 
880179	, 
880180	, 
880181	, 
880183	, 
880185	, 
880189	, 
880190	, 
880194	, 
880195	, 
880196	, 
880197	, 
880200	, 
880201	, 
880202	, 
880203	, 
880204	, 
880205	, 
880206	, 
880208	, 
880210	, 
880211	, 
880213	, 
880214	, 
880215	, 
880216	, 
880217	, 
880218	, 
880219	, 
880220	, 
880221	, 
880223	, 
880224	, 
880225	, 
880226	, 
880227	, 
880229	, 
880230	, 
880231	, 
880232	, 
880233	, 
880235	, 
880236	, 
880237	, 
880239	, 
880240	, 
880241	, 
880242	, 
880243	, 
880248	, 
880249	, 
880250	, 
880253	, 
880255	, 
880257	, 
880259	, 
880260	, 
880261	, 
880262	, 
880263	, 
880265	, 
880269	, 
880270	, 
880272	, 
880273	, 
880274	, 
880275	, 
880280	, 
880281	, 
880282	, 
880284	, 
880286	, 
880289	, 
880290	, 
880292	, 
880294	, 
880296	, 
880297	, 
880298	, 
880300	, 
880301	, 
880302	, 
880303	, 
880304	, 
880305	, 
880306	, 
880307	, 
880308	, 
880309	, 
880310	, 
880313	, 
880314	, 
880315	, 
880317	, 
880318	, 
880325	, 
880327	, 
880328	, 
880331	, 
880347	, 
880349	, 
880350	, 
880351	, 
880355	, 
880360	, 
880362	, 
880363	, 
880376	, 
880380	, 
880382	, 
880383	, 
880384	, 
880389	, 
880390	, 
880395	, 
880396	, 
880400	, 
880401	, 
880404	, 
880406	, 
880408	, 
880409	, 
880411	, 
880414	, 
880417	, 
880418	, 
880420	, 
880421	, 
880427	, 
880428	, 
880429	, 
880432	, 
880433	, 
880437	, 
880438	, 
880439	, 
880444	, 
880445	, 
880446	, 
880447	, 
880450	, 
880451	, 
880452	, 
880453	, 
880454	, 
880455	, 
880456	, 
880457	, 
880460	, 
880461	, 
880462	, 
880464	, 
880465	, 
880466	, 
880468	, 
880470	, 
880471	, 
880472	, 
880474	, 
880477	, 
880479	, 
880480	, 
880481	, 
880482	, 
880483	, 
880484	, 
880485	, 
880486	, 
880490	, 
880491	, 
880492	, 
880493	, 
880494	, 
880496	, 
880498	, 
880499	, 
880500	, 
880501	, 
880502	, 
880503	, 
880504	, 
880505	, 
880506	, 
880507	, 
880508	, 
880510	, 
880511	, 
880514	, 
880515	, 
880517	, 
880518	, 
880519	, 
880520	, 
880521	, 
880522	, 
880523	, 
880524	, 
880525	, 
880528	, 
880529	, 
880530	, 
880531	, 
880534	, 
880540	, 
880541	, 
880549	, 
880550	, 
880567	, 
880572	, 
880577	, 
880581	, 
880597	, 
880600	, 
880602	, 
880603	, 
880604	, 
880606	, 
880612	, 
880613	, 
880614	, 
880618	, 
880624	, 
880633	, 
880634	, 
880635	, 
880637	, 
880638	, 
880639	, 
880640	, 
880660	, 
880663	, 
880672	, 
880679	, 
880680	, 
880682	, 
880688	, 
880690	, 
880696	, 
880700	, 
880702	, 
880711	, 
880714	, 
880717	, 
880720	, 
880722	, 
880726	, 
880731	, 
880732	, 
880735	, 
880754	, 
880760	, 
880761	, 
880780	, 
880781	, 
880782	, 
880800	, 
880805	, 
880806	, 
880808	, 
880811	, 
880812	, 
880818	, 
880830	, 
880840	, 
880844	, 
880850	, 
880859	, 
880860	, 
880869	, 
880870	, 
880880	, 
880892	, 
880898	, 
880900	, 
880903	, 
880904	, 
880907	, 
880908	, 
880909	, 
880913	, 
880920	, 
880942	, 
880943	, 
880950	, 
880954	, 
880955	, 
880956	, 
880958	, 
880969	, 
880979	, 
880984	, 
880991	, 
880994	, 
880995	, 
880996	, 
880997	, 
881000	, 
881001	, 
881002	, 
881003	, 
881004	, 
881005	, 
881006	, 
881007	, 
881008	, 
881009	, 
881010	, 
881011	, 
881012	, 
881013	, 
881014	, 
881015	, 
881016	, 
881018	, 
881019	, 
881020	, 
881021	, 
881022	, 
881024	, 
881025	, 
881027	, 
881030	, 
881031	, 
881032	, 
881035	, 
881036	, 
881037	, 
881038	, 
881040	, 
881041	, 
881042	, 
881043	, 
881048	, 
881050	, 
881051	, 
881052	, 
881055	, 
881057	, 
881058	, 
881060	, 
881063	, 
881066	, 
881070	, 
881071	, 
881074	, 
881075	, 
881080	, 
881081	, 
881082	, 
881084	, 
881090	, 
881094	, 
881095	, 
881096	, 
881098	, 
881100	, 
881101	, 
881102	, 
881105	, 
881106	, 
881107	, 
881108	, 
881109	, 
881110	, 
881111	, 
881112	, 
881113	, 
881114	, 
881115	, 
881116	, 
881117	, 
881118	, 
881119	, 
881120	, 
881121	, 
881122	, 
881123	, 
881124	, 
881125	, 
881126	, 
881127	, 
881128	, 
881129	, 
881130	, 
881131	, 
881132	, 
881133	, 
881134	, 
881135	, 
881136	, 
881137	, 
881139	, 
881140	, 
881141	, 
881143	, 
881144	, 
881145	, 
881147	, 
881150	, 
881151	, 
881152	, 
881153	, 
881154	, 
881155	, 
881156	, 
881157	, 
881158	, 
881159	, 
881160	, 
881161	, 
881163	, 
881165	, 
881166	, 
881169	, 
881170	, 
881171	, 
881172	, 
881175	, 
881176	, 
881177	, 
881178	, 
881180	, 
881184	, 
881185	, 
881186	, 
881187	, 
881188	, 
881189	, 
881190	, 
881191	, 
881195	, 
881196	, 
881197	, 
881198	, 
881199	, 
881200	, 
881201	, 
881202	, 
881203	, 
881204	, 
881205	, 
881206	, 
881209	, 
881210	, 
881211	, 
881212	, 
881213	, 
881214	, 
881215	, 
881216	, 
881217	, 
881218	, 
881219	, 
881220	, 
881221	, 
881222	, 
881223	, 
881224	, 
881225	, 
881226	, 
881228	, 
881229	, 
881230	, 
881234	, 
881235	, 
881236	, 
881238	, 
881239	, 
881240	, 
881241	, 
881243	, 
881244	, 
881245	, 
881247	, 
881249	, 
881250	, 
881251	, 
881252	, 
881253	, 
881255	, 
881257	, 
881259	, 
881260	, 
881261	, 
881262	, 
881265	, 
881266	, 
881267	, 
881269	, 
881270	, 
881271	, 
881272	, 
881275	, 
881278	, 
881280	, 
881282	, 
881283	, 
881286	, 
881291	, 
881294	, 
881295	, 
881296	, 
881297	, 
881298	, 
881299	, 
881300	, 
881301	, 
881302	, 
881303	, 
881304	, 
881305	, 
881307	, 
881309	, 
881311	, 
881313	, 
881318	, 
881319	, 
881320	, 
881321	, 
881324	, 
881325	, 
881326	, 
881327	, 
881328	, 
881330	, 
881331	, 
881333	, 
881338	, 
881340	, 
881341	, 
881342	, 
881343	, 
881345	, 
881347	, 
881348	, 
881349	, 
881350	, 
881351	, 
881353	, 
881354	, 
881355	, 
881356	, 
881358	, 
881359	, 
881360	, 
881365	, 
881366	, 
881367	, 
881368	, 
881369	, 
881370	, 
881371	, 
881373	, 
881375	, 
881376	, 
881379	, 
881380	, 
881381	, 
881382	, 
881387	, 
881388	, 
881389	, 
881390	, 
881393	, 
881394	, 
881396	, 
881397	, 
881399	, 
881400	, 
881401	, 
881402	, 
881404	, 
881405	, 
881406	, 
881407	, 
881411	, 
881412	, 
881413	, 
881414	, 
881415	, 
881418	, 
881419	, 
881420	, 
881421	, 
881423	, 
881424	, 
881425	, 
881426	, 
881427	, 
881429	, 
881432	, 
881433	, 
881435	, 
881440	, 
881441	, 
881442	, 
881443	, 
881444	, 
881445	, 
881450	, 
881451	, 
881455	, 
881456	, 
881457	, 
881458	, 
881459	, 
881461	, 
881462	, 
881463	, 
881464	, 
881465	, 
881466	, 
881469	, 
881474	, 
881475	, 
881478	, 
881480	, 
881481	, 
881484	, 
881489	, 
881490	, 
881492	, 
881494	, 
881495	, 
881497	, 
881498	, 
881500	, 
881501	, 
881505	, 
881508	, 
881510	, 
881511	, 
881513	, 
881514	, 
881515	, 
881516	, 
881517	, 
881518	, 
881519	, 
881520	, 
881521	, 
881522	, 
881523	, 
881524	, 
881525	, 
881526	, 
881527	, 
881528	, 
881532	, 
881533	, 
881534	, 
881535	, 
881536	, 
881537	, 
881540	, 
881542	, 
881545	, 
881547	, 
881548	, 
881549	, 
881550	, 
881551	, 
881555	, 
881556	, 
881560	, 
881561	, 
881562	, 
881564	, 
881565	, 
881567	, 
881571	, 
881572	, 
881574	, 
881575	, 
881576	, 
881580	, 
881581	, 
881583	, 
881584	, 
881588	, 
881589	, 
881590	, 
881593	, 
881594	, 
881595	, 
881596	, 
881597	, 
881599	, 
881600	, 
881601	, 
881602	, 
881603	, 
881604	, 
881606	, 
881611	, 
881612	, 
881613	, 
881614	, 
881616	, 
881617	, 
881618	, 
881619	, 
881620	, 
881621	, 
881622	, 
881626	, 
881628	, 
881634	, 
881635	, 
881636	, 
881640	, 
881641	, 
881642	, 
881643	, 
881644	, 
881645	, 
881648	, 
881649	, 
881650	, 
881651	, 
881654	, 
881655	, 
881656	, 
881657	, 
881659	, 
881660	, 
881663	, 
881665	, 
881666	, 
881670	, 
881672	, 
881673	, 
881678	, 
881680	, 
881683	, 
881684	, 
881687	, 
881690	, 
881694	, 
881696	, 
881697	, 
881698	, 
881700	, 
881703	, 
881705	, 
881706	, 
881708	, 
881710	, 
881711	, 
881712	, 
881713	, 
881716	, 
881717	, 
881718	, 
881719	, 
881720	, 
881723	, 
881725	, 
881726	, 
881727	, 
881728	, 
881729	, 
881730	, 
881734	, 
881735	, 
881736	, 
881737	, 
881739	, 
881740	, 
881742	, 
881744	, 
881745	, 
881746	, 
881750	, 
881752	, 
881753	, 
881757	, 
881759	, 
881760	, 
881765	, 
881766	, 
881767	, 
881768	, 
881770	, 
881771	, 
881774	, 
881776	, 
881778	, 
881779	, 
881780	, 
881786	, 
881787	, 
881788	, 
881790	, 
881792	, 
881793	, 
881794	, 
881796	, 
881800	, 
881801	, 
881802	, 
881805	, 
881810	, 
881811	, 
881812	, 
881814	, 
881815	, 
881816	, 
881818	, 
881819	, 
881820	, 
881823	, 
881826	, 
881829	, 
881833	, 
881835	, 
881836	, 
881839	, 
881843	, 
881845	, 
881847	, 
881854	, 
881855	, 
881858	, 
881859	, 
881860	, 
881863	, 
881867	, 
881872	, 
881875	, 
881876	, 
881879	, 
881881	, 
881884	, 
881887	, 
881890	, 
881891	, 
881892	, 
881893	, 
881894	, 
881898	, 
881900	, 
881904	, 
881905	, 
881910	, 
881911	, 
881912	, 
881913	, 
881919	, 
881920	, 
881921	, 
881922	, 
881932	, 
881933	, 
881935	, 
881940	, 
881941	, 
881945	, 
881950	, 
881951	, 
881959	, 
881960	, 
881961	, 
881964	, 
881965	, 
881969	, 
881970	, 
881974	, 
881975	, 
881980	, 
881981	, 
881984	, 
881989	, 
881990	, 
881994	, 
881995	, 
881999	, 
882000	, 
882001	, 
882002	, 
882003	, 
882004	, 
882005	, 
882006	, 
882007	, 
882008	, 
882009	, 
882010	, 
882011	, 
882012	, 
882013	, 
882014	, 
882015	, 
882016	, 
882017	, 
882018	, 
882019	, 
882020	, 
882021	, 
882022	, 
882023	, 
882025	, 
882026	, 
882027	, 
882028	, 
882029	, 
882030	, 
882031	, 
882032	, 
882033	, 
882034	, 
882035	, 
882038	, 
882040	, 
882045	, 
882046	, 
882049	, 
882050	, 
882051	, 
882059	, 
882060	, 
882066	, 
882067	, 
882071	, 
882074	, 
882075	, 
882077	, 
882080	, 
882084	, 
882086	, 
882090	, 
882097	, 
882098	, 
882099	, 
882100	, 
882101	, 
882102	, 
882103	, 
882105	, 
882108	, 
882110	, 
882111	, 
882112	, 
882114	, 
882115	, 
882117	, 
882118	, 
882119	, 
882120	, 
882121	, 
882122	, 
882123	, 
882125	, 
882128	, 
882129	, 
882130	, 
882131	, 
882133	, 
882134	, 
882135	, 
882136	, 
882137	, 
882140	, 
882141	, 
882142	, 
882144	, 
882145	, 
882146	, 
882147	, 
882149	, 
882150	, 
882153	, 
882154	, 
882156	, 
882157	, 
882158	, 
882160	, 
882161	, 
882162	, 
882163	, 
882165	, 
882166	, 
882167	, 
882170	, 
882172	, 
882178	, 
882180	, 
882182	, 
882183	, 
882184	, 
882185	, 
882187	, 
882188	, 
882190	, 
882191	, 
882192	, 
882193	, 
882194	, 
882198	, 
882199	, 
882200	, 
882201	, 
882202	, 
882203	, 
882205	, 
882210	, 
882211	, 
882212	, 
882213	, 
882214	, 
882215	, 
882216	, 
882217	, 
882218	, 
882219	, 
882220	, 
882221	, 
882222	, 
882223	, 
882224	, 
882226	, 
882229	, 
882230	, 
882231	, 
882233	, 
882235	, 
882236	, 
882240	, 
882242	, 
882243	, 
882244	, 
882248	, 
882249	, 
882250	, 
882251	, 
882253	, 
882254	, 
882255	, 
882258	, 
882261	, 
882262	, 
882265	, 
882266	, 
882268	, 
882271	, 
882272	, 
882273	, 
882274	, 
882282	, 
882288	, 
882290	, 
882291	, 
882293	, 
882297	, 
882299	, 
882300	, 
882310	, 
882311	, 
882312	, 
882314	, 
882317	, 
882319	, 
882321	, 
882323	, 
882324	, 
882328	, 
882330	, 
882331	, 
882333	, 
882334	, 
882339	, 
882340	, 
882342	, 
882343	, 
882346	, 
882350	, 
882351	, 
882354	, 
882360	, 
882363	, 
882369	, 
882372	, 
882375	, 
882378	, 
882380	, 
882387	, 
882390	, 
882392	, 
882393	, 
882394	, 
882395	, 
882396	, 
882397	, 
882398	, 
882399	, 
882400	, 
882401	, 
882402	, 
882403	, 
882404	, 
882406	, 
882407	, 
882408	, 
882410	, 
882411	, 
882412	, 
882417	, 
882418	, 
882419	, 
882420	, 
882421	, 
882423	, 
882424	, 
882425	, 
882426	, 
882430	, 
882431	, 
882432	, 
882433	, 
882434	, 
882442	, 
882443	, 
882447	, 
882450	, 
882451	, 
882452	, 
882453	, 
882454	, 
882455	, 
882456	, 
882457	, 
882458	, 
882459	, 
882460	, 
882461	, 
882463	, 
882466	, 
882467	, 
882468	, 
882469	, 
882476	, 
882478	, 
882480	, 
882481	, 
882483	, 
882485	, 
882486	, 
882489	, 
882495	, 
882496	, 
882497	, 
882498	, 
882500	, 
882501	, 
882502	, 
882503	, 
882504	, 
882505	, 
882509	, 
882510	, 
882511	, 
882512	, 
882513	, 
882514	, 
882515	, 
882517	, 
882518	, 
882520	, 
882521	, 
882523	, 
882525	, 
882529	, 
882530	, 
882531	, 
882532	, 
882533	, 
882544	, 
882547	, 
882549	, 
882550	, 
882551	, 
882553	, 
882554	, 
882556	, 
882557	, 
882558	, 
882560	, 
882563	, 
882570	, 
882575	, 
882576	, 
882583	, 
882587	, 
882589	, 
882594	, 
882600	, 
882601	, 
882602	, 
882603	, 
882606	, 
882610	, 
882611	, 
882612	, 
882613	, 
882614	, 
882619	, 
882620	, 
882621	, 
882624	, 
882626	, 
882632	, 
882636	, 
882638	, 
882644	, 
882649	, 
882650	, 
882651	, 
882652	, 
882660	, 
882662	, 
882664	, 
882670	, 
882672	, 
882675	, 
882680	, 
882681	, 
882682	, 
882685	, 
882687	, 
882689	, 
882690	, 
882698	, 
882700	, 
882710	, 
882713	, 
882714	, 
882715	, 
882716	, 
882727	, 
882735	, 
882736	, 
882738	, 
882740	, 
882750	, 
882751	, 
882754	, 
882758	, 
882765	, 
882781	, 
882789	, 
882790	, 
882800	, 
882801	, 
882807	, 
882808	, 
882812	, 
882813	, 
882816	, 
882817	, 
882818	, 
882819	, 
882820	, 
882823	, 
882826	, 
882828	, 
882830	, 
882835	, 
882841	, 
882850	, 
882851	, 
882853	, 
882856	, 
882858	, 
882859	, 
882860	, 
882872	, 
882874	, 
882875	, 
882880	, 
882889	, 
882895	, 
882900	, 
882906	, 
882916	, 
882918	, 
882920	, 
882921	, 
882924	, 
882925	, 
882928	, 
882929	, 
882935	, 
882948	, 
882950	, 
882957	, 
882963	, 
882967	, 
882968	, 
882971	, 
882972	, 
882973	, 
882974	, 
882978	, 
882979	, 
882980	, 
882984	, 
882990	, 
882992	, 
882999	, 
883000	, 
883001	, 
883003	, 
883004	, 
883005	, 
883010	, 
883011	, 
883012	, 
883013	, 
883014	, 
883015	, 
883017	, 
883018	, 
883019	, 
883020	, 
883021	, 
883022	, 
883024	, 
883026	, 
883028	, 
883029	, 
883030	, 
883031	, 
883032	, 
883033	, 
883035	, 
883037	, 
883040	, 
883041	, 
883047	, 
883050	, 
883058	, 
883060	, 
883063	, 
883064	, 
883065	, 
883073	, 
883077	, 
883080	, 
883086	, 
883090	, 
883100	, 
883102	, 
883113	, 
883117	, 
883118	, 
883120	, 
883121	, 
883122	, 
883124	, 
883125	, 
883129	, 
883130	, 
883131	, 
883135	, 
883140	, 
883141	, 
883143	, 
883147	, 
883153	, 
883155	, 
883156	, 
883160	, 
883164	, 
883165	, 
883166	, 
883167	, 
883168	, 
883169	, 
883170	, 
883174	, 
883176	, 
883178	, 
883180	, 
883183	, 
883187	, 
883190	, 
883192	, 
883200	, 
883210	, 
883213	, 
883215	, 
883216	, 
883219	, 
883230	, 
883231	, 
883232	, 
883238	, 
883240	, 
883241	, 
883243	, 
883249	, 
883250	, 
883252	, 
883253	, 
883254	, 
883256	, 
883257	, 
883258	, 
883259	, 
883261	, 
883264	, 
883265	, 
883270	, 
883271	, 
883282	, 
883290	, 
883294	, 
883300	, 
883302	, 
883311	, 
883312	, 
883313	, 
883316	, 
883317	, 
883320	, 
883322	, 
883326	, 
883331	, 
883333	, 
883341	, 
883342	, 
883344	, 
883349	, 
883350	, 
883351	, 
883362	, 
883366	, 
883367	, 
883378	, 
883380	, 
883382	, 
883383	, 
883387	, 
883392	, 
883395	, 
883396	, 
883400	, 
883404	, 
883405	, 
883411	, 
883412	, 
883413	, 
883414	, 
883416	, 
883420	, 
883434	, 
883440	, 
883445	, 
883450	, 
883451	, 
883454	, 
883458	, 
883468	, 
883471	, 
883472	, 
883484	, 
883486	, 
883487	, 
883490	, 
883496	, 
883500	, 
883504	, 
883506	, 
883510	, 
883512	, 
883513	, 
883514	, 
883516	, 
883517	, 
883518	, 
883519	, 
883520	, 
883521	, 
883524	, 
883526	, 
883527	, 
883529	, 
883531	, 
883533	, 
883534	, 
883535	, 
883536	, 
883542	, 
883545	, 
883546	, 
883547	, 
883548	, 
883549	, 
883550	, 
883551	, 
883556	, 
883558	, 
883564	, 
883568	, 
883569	, 
883571	, 
883573	, 
883578	, 
883579	, 
883593	, 
883594	, 
883596	, 
883600	, 
883602	, 
883612	, 
883615	, 
883616	, 
883618	, 
883619	, 
883625	, 
883626	, 
883630	, 
883631	, 
883636	, 
883645	, 
883652	, 
883654	, 
883660	, 
883661	, 
883674	, 
883682	, 
883683	, 
883684	, 
883685	, 
883687	, 
883698	, 
883700	, 
883719	, 
883720	, 
883721	, 
883722	, 
883725	, 
883726	, 
883729	, 
883737	, 
883739	, 
883748	, 
883750	, 
883754	, 
883755	, 
883760	, 
883765	, 
883780	, 
883781	, 
883786	, 
883788	, 
883791	, 
883800	, 
883802	, 
883803	, 
883804	, 
883805	, 
883806	, 
883807	, 
883808	, 
883809	, 
883810	, 
883811	, 
883812	, 
883814	, 
883816	, 
883817	, 
883818	, 
883819	, 
883820	, 
883821	, 
883822	, 
883825	, 
883830	, 
883831	, 
883833	, 
883838	, 
883840	, 
883841	, 
883842	, 
883844	, 
883845	, 
883846	, 
883847	, 
883848	, 
883849	, 
883850	, 
883851	, 
883858	, 
883861	, 
883864	, 
883866	, 
883867	, 
883872	, 
883876	, 
883880	, 
883890	, 
883893	, 
883895	, 
883896	, 
883898	, 
883900	, 
883919	, 
883920	, 
883922	, 
883923	, 
883929	, 
883930	, 
883931	, 
883953	, 
883954	, 
883965	, 
883966	, 
883980	, 
883984	, 
883988	, 
883992	, 
884000	, 
884001	, 
884002	, 
884004	, 
884005	, 
884008	, 
884010	, 
884011	, 
884012	, 
884014	, 
884015	, 
884016	, 
884020	, 
884022	, 
884027	, 
884034	, 
884038	, 
884040	, 
884041	, 
884050	, 
884062	, 
884066	, 
884067	, 
884068	, 
884069	, 
884070	, 
884071	, 
884074	, 
884086	, 
884091	, 
884096	, 
884101	, 
884102	, 
884103	, 
884111	, 
884114	, 
884115	, 
884118	, 
884119	, 
884122	, 
884125	, 
884127	, 
884130	, 
884131	, 
884135	, 
884136	, 
884137	, 
884138	, 
884139	, 
884140	, 
884141	, 
884142	, 
884144	, 
884145	, 
884146	, 
884152	, 
884157	, 
884163	, 
884165	, 
884166	, 
884176	, 
884178	, 
884180	, 
884186	, 
884188	, 
884195	, 
884200	, 
884201	, 
884206	, 
884208	, 
884210	, 
884213	, 
884216	, 
884219	, 
884220	, 
884222	, 
884225	, 
884230	, 
884237	, 
884239	, 
884240	, 
884241	, 
884242	, 
884245	, 
884246	, 
884250	, 
884254	, 
884255	, 
884260	, 
884262	, 
884268	, 
884286	, 
884293	, 
884294	, 
884300	, 
884301	, 
884303	, 
884304	, 
884312	, 
884315	, 
884317	, 
884320	, 
884323	, 
884326	, 
884329	, 
884330	, 
884332	, 
884343	, 
884350	, 
884353	, 
884356	, 
884359	, 
884361	, 
884363	, 
884371	, 
884375	, 
884380	, 
884385	, 
884387	, 
884391	, 
884398	, 
884399	, 
884400	, 
884401	, 
884403	, 
884411	, 
884414	, 
884421	, 
884422	, 
884425	, 
884430	, 
884432	, 
884436	, 
884441	, 
884444	, 
884445	, 
884447	, 
884448	, 
884455	, 
884458	, 
884461	, 
884466	, 
884472	, 
884475	, 
884476	, 
884482	, 
884483	, 
884488	, 
884500	, 
884501	, 
884507	, 
884508	, 
884510	, 
884515	, 
884520	, 
884522	, 
884523	, 
884526	, 
884528	, 
884535	, 
884545	, 
884546	, 
884551	, 
884554	, 
884557	, 
884558	, 
884560	, 
884561	, 
884562	, 
884572	, 
884582	, 
884585	, 
884590	, 
884597	, 
884600	, 
884601	, 
884604	, 
884611	, 
884613	, 
884619	, 
884620	, 
884625	, 
884627	, 
884630	, 
884633	, 
884640	, 
884641	, 
884643	, 
884644	, 
884648	, 
884649	, 
884650	, 
884651	, 
884654	, 
884658	, 
884664	, 
884666	, 
884669	, 
884682	, 
884684	, 
884685	, 
884686	, 
884687	, 
884691	, 
884692	, 
884693	, 
884700	, 
884701	, 
884711	, 
884712	, 
884715	, 
884717	, 
884719	, 
884720	, 
884722	, 
884729	, 
884742	, 
884746	, 
884747	, 
884760	, 
884761	, 
884762	, 
884766	, 
884776	, 
884777	, 
884781	, 
884785	, 
884787	, 
884789	, 
884791	, 
884796	, 
884800	, 
884804	, 
884805	, 
884812	, 
884815	, 
884818	, 
884820	, 
884822	, 
884826	, 
884832	, 
884833	, 
884836	, 
884841	, 
884844	, 
884845	, 
884848	, 
884851	, 
884853	, 
884857	, 
884859	, 
884861	, 
884882	, 
884885	, 
884886	, 
884888	, 
884900	, 
884910	, 
884913	, 
884917	, 
884920	, 
884923	, 
884924	, 
884925	, 
884927	, 
884928	, 
884932	, 
884935	, 
884936	, 
884940	, 
884941	, 
884947	, 
884949	, 
884950	, 
884951	, 
884956	, 
884968	, 
884971	, 
884972	, 
884973	, 
884974	, 
884975	, 
884976	, 
884978	, 
884979	, 
884981	, 
884982	, 
884986	, 
884990	, 
884991	, 
884994	, 
885000	, 
885001	, 
885002	, 
885004	, 
885005	, 
885011	, 
885012	, 
885013	, 
885014	, 
885015	, 
885018	, 
885020	, 
885022	, 
885027	, 
885042	, 
885047	, 
885050	, 
885051	, 
885057	, 
885072	, 
885082	, 
885085	, 
885100	, 
885101	, 
885103	, 
885104	, 
885115	, 
885120	, 
885121	, 
885123	, 
885124	, 
885125	, 
885126	, 
885132	, 
885135	, 
885140	, 
885141	, 
885144	, 
885150	, 
885151	, 
885153	, 
885154	, 
885155	, 
885160	, 
885161	, 
885162	, 
885163	, 
885164	, 
885166	, 
885168	, 
885169	, 
885174	, 
885175	, 
885176	, 
885181	, 
885185	, 
885187	, 
885200	, 
885201	, 
885208	, 
885210	, 
885212	, 
885213	, 
885214	, 
885215	, 
885218	, 
885219	, 
885220	, 
885221	, 
885222	, 
885223	, 
885224	, 
885225	, 
885226	, 
885230	, 
885232	, 
885235	, 
885238	, 
885242	, 
885247	, 
885249	, 
885250	, 
885251	, 
885252	, 
885253	, 
885255	, 
885258	, 
885265	, 
885268	, 
885275	, 
885281	, 
885291	, 
885292	, 
885293	, 
885295	, 
885300	, 
885309	, 
885313	, 
885315	, 
885316	, 
885321	, 
885322	, 
885326	, 
885328	, 
885330	, 
885335	, 
885341	, 
885342	, 
885345	, 
885346	, 
885349	, 
885350	, 
885353	, 
885354	, 
885358	, 
885361	, 
885374	, 
885376	, 
885384	, 
885390	, 
885395	, 
885400	, 
885403	, 
885408	, 
885410	, 
885411	, 
885412	, 
885413	, 
885414	, 
885415	, 
885416	, 
885417	, 
885418	, 
885419	, 
885426	, 
885429	, 
885445	, 
885448	, 
885449	, 
885454	, 
885456	, 
885457	, 
885459	, 
885468	, 
885469	, 
885470	, 
885471	, 
885476	, 
885477	, 
885478	, 
885483	, 
885484	, 
885486	, 
885489	, 
885491	, 
885494	, 
885497	, 
885499	, 
885500	, 
885501	, 
885505	, 
885506	, 
885508	, 
885510	, 
885511	, 
885514	, 
885515	, 
885518	, 
885519	, 
885520	, 
885522	, 
885524	, 
885525	, 
885528	, 
885537	, 
885538	, 
885540	, 
885541	, 
885543	, 
885545	, 
885547	, 
885551	, 
885555	, 
885561	, 
885565	, 
885566	, 
885568	, 
885574	, 
885575	, 
885600	, 
885608	, 
885612	, 
885618	, 
885623	, 
885624	, 
885625	, 
885629	, 
885634	, 
885639	, 
885640	, 
885641	, 
885643	, 
885645	, 
885646	, 
885650	, 
885656	, 
885662	, 
885670	, 
885674	, 
885676	, 
885689	, 
885691	, 
885692	, 
885694	, 
885698	, 
885709	, 
885712	, 
885715	, 
885716	, 
885725	, 
885727	, 
885730	, 
885732	, 
885750	, 
885751	, 
885755	, 
885759	, 
885772	, 
885775	, 
885780	, 
885784	, 
885786	, 
885795	, 
885796	, 
885800	, 
885804	, 
885808	, 
885811	, 
885812	, 
885813	, 
885818	, 
885825	, 
885834	, 
885838	, 
885840	, 
885848	, 
885849	, 
885852	, 
885858	, 
885860	, 
885864	, 
885872	, 
885875	, 
885896	, 
885901	, 
885902	, 
885908	, 
885911	, 
885914	, 
885920	, 
885921	, 
885926	, 
885927	, 
885929	, 
885932	, 
885943	, 
885949	, 
885955	, 
885956	, 
885957	, 
885964	, 
885965	, 
885980	, 
885982	, 
885983	, 
885984	, 
885987	, 
885998	, 
886000	, 
886001	, 
886002	, 
886003	, 
886005	, 
886008	, 
886011	, 
886012	, 
886013	, 
886015	, 
886018	, 
886019	, 
886020	, 
886021	, 
886022	, 
886023	, 
886024	, 
886025	, 
886026	, 
886027	, 
886028	, 
886029	, 
886030	, 
886031	, 
886032	, 
886033	, 
886041	, 
886042	, 
886045	, 
886046	, 
886049	, 
886050	, 
886053	, 
886054	, 
886056	, 
886057	, 
886060	, 
886061	, 
886066	, 
886077	, 
886078	, 
886080	, 
886087	, 
886095	, 
886100	, 
886101	, 
886103	, 
886110	, 
886111	, 
886113	, 
886114	, 
886116	, 
886118	, 
886129	, 
886131	, 
886132	, 
886136	, 
886137	, 
886140	, 
886141	, 
886142	, 
886144	, 
886145	, 
886147	, 
886151	, 
886152	, 
886155	, 
886159	, 
886161	, 
886166	, 
886171	, 
886176	, 
886177	, 
886178	, 
886179	, 
886180	, 
886181	, 
886182	, 
886185	, 
886186	, 
886187	, 
886188	, 
886195	, 
886210	, 
886214	, 
886220	, 
886221	, 
886230	, 
886244	, 
886245	, 
886248	, 
886249	, 
886251	, 
886252	, 
886269	, 
886279	, 
886284	, 
886285	, 
886292	, 
886297	, 
886301	, 
886302	, 
886317	, 
886319	, 
886320	, 
886321	, 
886322	, 
886324	, 
886327	, 
886329	, 
886339	, 
886345	, 
886346	, 
886351	, 
886354	, 
886361	, 
886362	, 
886372	, 
886376	, 
886384	, 
886390	, 
886395	, 
886396	, 
886397	, 
886400	, 
886401	, 
886411	, 
886413	, 
886414	, 
886415	, 
886437	, 
886441	, 
886450	, 
886451	, 
886452	, 
886454	, 
886464	, 
886465	, 
886488	, 
886490	, 
886496	, 
886497	, 
886500	, 
886511	, 
886513	, 
886514	, 
886517	, 
886518	, 
886531	, 
886541	, 
886542	, 
886545	, 
886546	, 
886547	, 
886548	, 
886549	, 
886561	, 
886564	, 
886569	, 
886580	, 
886581	, 
886600	, 
886611	, 
886615	, 
886618	, 
886621	, 
886623	, 
886629	, 
886631	, 
886642	, 
886644	, 
886659	, 
886660	, 
886661	, 
886666	, 
886669	, 
886679	, 
886680	, 
886684	, 
886689	, 
886706	, 
886716	, 
886717	, 
886718	, 
886720	, 
886729	, 
886730	, 
886741	, 
886742	, 
886746	, 
886747	, 
886749	, 
886750	, 
886760	, 
886763	, 
886766	, 
886767	, 
886768	, 
886794	, 
886796	, 
886809	, 
886811	, 
886815	, 
886817	, 
886835	, 
886837	, 
886841	, 
886842	, 
886843	, 
886844	, 
886845	, 
886848	, 
886850	, 
886853	, 
886859	, 
886871	, 
886876	, 
886887	, 
886890	, 
886891	, 
886900	, 
886905	, 
886917	, 
886918	, 
886922	, 
886939	, 
886940	, 
886942	, 
886946	, 
886948	, 
886950	, 
886953	, 
886954	, 
886955	, 
886965	, 
886973	, 
886974	, 
886975	, 
886981	, 
886982	, 
886990	, 
886997	, 
887000	, 
887001	, 
887002	, 
887003	, 
887004	, 
887006	, 
887007	, 
887008	, 
887009	, 
887010	, 
887011	, 
887012	, 
887014	, 
887015	, 
887016	, 
887017	, 
887018	, 
887019	, 
887020	, 
887021	, 
887022	, 
887023	, 
887024	, 
887025	, 
887026	, 
887030	, 
887031	, 
887033	, 
887035	, 
887038	, 
887040	, 
887041	, 
887042	, 
887045	, 
887046	, 
887047	, 
887048	, 
887049	, 
887050	, 
887051	, 
887052	, 
887053	, 
887054	, 
887055	, 
887056	, 
887057	, 
887059	, 
887060	, 
887061	, 
887063	, 
887064	, 
887065	, 
887068	, 
887070	, 
887071	, 
887072	, 
887074	, 
887076	, 
887077	, 
887080	, 
887084	, 
887089	, 
887090	, 
887091	, 
887094	, 
887095	, 
887097	, 
887098	, 
887099	, 
887101	, 
887102	, 
887103	, 
887104	, 
887105	, 
887106	, 
887107	, 
887108	, 
887109	, 
887110	, 
887111	, 
887112	, 
887113	, 
887114	, 
887116	, 
887117	, 
887119	, 
887120	, 
887121	, 
887122	, 
887123	, 
887124	, 
887125	, 
887126	, 
887127	, 
887128	, 
887129	, 
887130	, 
887136	, 
887138	, 
887139	, 
887140	, 
887141	, 
887142	, 
887143	, 
887144	, 
887145	, 
887146	, 
887147	, 
887148	, 
887149	, 
887150	, 
887151	, 
887152	, 
887153	, 
887154	, 
887155	, 
887156	, 
887158	, 
887159	, 
887160	, 
887161	, 
887162	, 
887168	, 
887170	, 
887171	, 
887179	, 
887181	, 
887184	, 
887185	, 
887187	, 
887188	, 
887189	, 
887191	, 
887192	, 
887198	, 
887200	, 
887204	, 
887210	, 
887211	, 
887214	, 
887218	, 
887219	, 
887220	, 
887224	, 
887238	, 
887239	, 
887240	, 
887245	, 
887249	, 
887252	, 
887254	, 
887255	, 
887257	, 
887258	, 
887260	, 
887261	, 
887262	, 
887266	, 
887267	, 
887268	, 
887269	, 
887270	, 
887271	, 
887272	, 
887273	, 
887274	, 
887275	, 
887276	, 
887277	, 
887278	, 
887279	, 
887280	, 
887281	, 
887285	, 
887286	, 
887287	, 
887288	, 
887289	, 
887291	, 
887293	, 
887295	, 
887296	, 
887297	, 
887298	, 
887299	, 
887300	, 
887301	, 
887302	, 
887303	, 
887304	, 
887305	, 
887307	, 
887308	, 
887310	, 
887312	, 
887313	, 
887314	, 
887315	, 
887316	, 
887317	, 
887318	, 
887319	, 
887320	, 
887321	, 
887322	, 
887323	, 
887324	, 
887325	, 
887326	, 
887327	, 
887328	, 
887329	, 
887330	, 
887334	, 
887335	, 
887353	, 
887354	, 
887356	, 
887363	, 
887364	, 
887365	, 
887366	, 
887369	, 
887370	, 
887372	, 
887374	, 
887375	, 
887376	, 
887377	, 
887380	, 
887382	, 
887383	, 
887384	, 
887385	, 
887386	, 
887387	, 
887388	, 
887389	, 
887390	, 
887391	, 
887392	, 
887393	, 
887394	, 
887395	, 
887396	, 
887398	, 
887400	, 
887408	, 
887410	, 
887413	, 
887416	, 
887419	, 
887429	, 
887431	, 
887451	, 
887456	, 
887465	, 
887496	, 
887500	, 
887505	, 
887509	, 
887514	, 
887515	, 
887516	, 
887518	, 
887524	, 
887532	, 
887533	, 
887545	, 
887547	, 
887552	, 
887564	, 
887575	, 
887580	, 
887591	, 
887594	, 
887596	, 
887600	, 
887618	, 
887624	, 
887625	, 
887640	, 
887643	, 
887661	, 
887663	, 
887674	, 
887676	, 
887683	, 
887700	, 
887703	, 
887707	, 
887708	, 
887718	, 
887730	, 
887731	, 
887736	, 
887743	, 
887751	, 
887755	, 
887757	, 
887763	, 
887765	, 
887777	, 
887793	, 
887797	, 
887800	, 
887808	, 
887812	, 
887814	, 
887816	, 
887830	, 
887833	, 
887845	, 
887846	, 
887850	, 
887853	, 
887892	, 
887900	, 
887945	, 
887946	, 
887950	, 
887954	, 
887979	, 
887985	, 
888000	, 
888003	, 
888004	, 
888006	, 
888012	, 
888016	, 
888018	, 
888020	, 
888025	, 
888047	, 
888057	, 
888065	, 
888070	, 
888072	, 
888077	, 
888080	, 
888085	, 
888086	, 
888087	, 
888088	, 
888089	, 
888102	, 
888105	, 
888111	, 
888112	, 
888118	, 
888121	, 
888122	, 
888128	, 
888131	, 
888158	, 
888160	, 
888161	, 
888181	, 
888186	, 
888188	, 
888190	, 
888212	, 
888222	, 
888228	, 
888230	, 
888238	, 
888259	, 
888260	, 
888262	, 
888273	, 
888291	, 
888294	, 
888302	, 
888304	, 
888325	, 
888333	, 
888353	, 
888356	, 
888360	, 
888396	, 
888400	, 
888402	, 
888406	, 
888412	, 
888413	, 
888422	, 
888423	, 
888431	, 
888434	, 
888437	, 
888441	, 
888443	, 
888451	, 
888454	, 
888465	, 
888466	, 
888467	, 
888468	, 
888469	, 
888471	, 
888472	, 
888473	, 
888474	, 
888475	, 
888476	, 
888477	, 
888478	, 
888479	, 
888480	, 
888481	, 
888482	, 
888484	, 
888497	, 
888500	, 
888509	, 
888516	, 
888524	, 
888533	, 
888539	, 
888544	, 
888548	, 
888549	, 
888551	, 
888560	, 
888580	, 
888585	, 
888596	, 
888600	, 
888605	, 
888607	, 
888614	, 
888616	, 
888617	, 
888640	, 
888645	, 
888647	, 
888666	, 
888700	, 
888716	, 
888719	, 
888742	, 
888754	, 
888764	, 
888775	, 
888788	, 
888800	, 
888801	, 
888802	, 
888803	, 
888811	, 
888812	, 
888819	, 
888820	, 
888824	, 
888828	, 
888837	, 
888845	, 
888848	, 
888860	, 
888880	, 
888884	, 
888888	, 
888918	, 
888941	, 
888950	, 
888951	, 
888954	, 
888956	, 
888960	, 
888961	, 
888972	, 
888977	, 
888978	, 
888981	, 
888987	, 
888988	, 
888989	, 
888998	, 
889000	, 
889001	, 
889002	, 
889003	, 
889004	, 
889012	, 
889016	, 
889020	, 
889035	, 
889050	, 
889052	, 
889058	, 
889060	, 
889061	, 
889062	, 
889071	, 
889089	, 
889090	, 
889093	, 
889096	, 
889100	, 
889104	, 
889105	, 
889111	, 
889146	, 
889150	, 
889151	, 
889154	, 
889160	, 
889161	, 
889169	, 
889177	, 
889180	, 
889211	, 
889212	, 
889214	, 
889219	, 
889221	, 
889228	, 
889258	, 
889269	, 
889271	, 
889299	, 
889301	, 
889302	, 
889305	, 
889311	, 
889320	, 
889339	, 
889348	, 
889351	, 
889361	, 
889363	, 
889385	, 
889390	, 
889398	, 
889401	, 
889402	, 
889406	, 
889418	, 
889424	, 
889427	, 
889432	, 
889438	, 
889440	, 
889452	, 
889453	, 
889454	, 
889461	, 
889462	, 
889463	, 
889467	, 
889468	, 
889482	, 
889487	, 
889490	, 
889494	, 
889498	, 
889500	, 
889501	, 
889502	, 
889505	, 
889520	, 
889542	, 
889543	, 
889548	, 
889552	, 
889562	, 
889570	, 
889572	, 
889573	, 
889574	, 
889575	, 
889576	, 
889577	, 
889578	, 
889579	, 
889580	, 
889581	, 
889582	, 
889583	, 
889584	, 
889585	, 
889586	, 
889587	, 
889588	, 
889589	, 
889590	, 
889591	, 
889592	, 
889593	, 
889594	, 
889595	, 
889596	, 
889597	, 
889598	, 
889599	, 
889600	, 
889601	, 
889602	, 
889603	, 
889604	, 
889605	, 
889606	, 
889607	, 
889608	, 
889609	, 
889610	, 
889611	, 
889612	, 
889613	, 
889614	, 
889615	, 
889616	, 
889617	, 
889619	, 
889620	, 
889621	, 
889622	, 
889623	, 
889624	, 
889625	, 
889626	, 
889627	, 
889628	, 
889629	, 
889630	, 
889631	, 
889632	, 
889633	, 
889634	, 
889635	, 
889636	, 
889637	, 
889638	, 
889639	, 
889640	, 
889641	, 
889642	, 
889643	, 
889644	, 
889645	, 
889646	, 
889647	, 
889648	, 
889649	, 
889650	, 
889651	, 
889652	, 
889653	, 
889654	, 
889655	, 
889656	, 
889657	, 
889658	, 
889659	, 
889660	, 
889661	, 
889662	, 
889663	, 
889664	, 
889665	, 
889666	, 
889667	, 
889668	, 
889670	, 
889671	, 
889672	, 
889673	, 
889674	, 
889675	, 
889676	, 
889677	, 
889678	, 
889679	, 
889680	, 
889681	, 
889682	, 
889683	, 
889684	, 
889685	, 
889686	, 
889687	, 
889688	, 
889689	, 
889690	, 
889691	, 
889692	, 
889693	, 
889694	, 
889695	, 
889696	, 
889697	, 
889699	, 
889700	, 
889701	, 
889702	, 
889703	, 
889704	, 
889705	, 
889706	, 
889707	, 
889708	, 
889709	, 
889710	, 
889711	, 
889712	, 
889713	, 
889714	, 
889715	, 
889716	, 
889717	, 
889718	, 
889719	, 
889720	, 
889721	, 
889722	, 
889723	, 
889724	, 
889725	, 
889726	, 
889727	, 
889728	, 
889729	, 
889730	, 
889731	, 
889732	, 
889733	, 
889734	, 
889735	, 
889736	, 
889737	, 
889738	, 
889739	, 
889740	, 
889741	, 
889742	, 
889743	, 
889744	, 
889745	, 
889746	, 
889747	, 
889748	, 
889749	, 
889750	, 
889751	, 
889752	, 
889753	, 
889754	, 
889755	, 
889756	, 
889757	, 
889758	, 
889759	, 
889760	, 
889761	, 
889762	, 
889763	, 
889764	, 
889765	, 
889766	, 
889767	, 
889768	, 
889769	, 
889770	, 
889771	, 
889772	, 
889773	, 
889774	, 
889775	, 
889776	, 
889777	, 
889778	, 
889780	, 
889781	, 
889782	, 
889783	, 
889784	, 
889785	, 
889786	, 
889787	, 
889788	, 
889789	, 
889790	, 
889791	, 
889792	, 
889793	, 
889794	, 
889795	, 
889796	, 
889797	, 
889798	, 
889799	, 
889800	, 
889801	, 
889805	, 
889811	, 
889812	, 
889813	, 
889814	, 
889815	, 
889816	, 
889817	, 
889818	, 
889819	, 
889820	, 
889821	, 
889822	, 
889823	, 
889824	, 
889825	, 
889826	, 
889828	, 
889829	, 
889830	, 
889831	, 
889832	, 
889833	, 
889834	, 
889835	, 
889836	, 
889837	, 
889838	, 
889839	, 
889840	, 
889841	, 
889842	, 
889843	, 
889844	, 
889845	, 
889846	, 
889847	, 
889848	, 
889849	, 
889850	, 
889851	, 
889852	, 
889853	, 
889854	, 
889856	, 
889857	, 
889858	, 
889859	, 
889860	, 
889861	, 
889862	, 
889863	, 
889864	, 
889865	, 
889866	, 
889867	, 
889868	, 
889869	, 
889870	, 
889871	, 
889872	, 
889873	, 
889874	, 
889875	, 
889876	, 
889877	, 
889878	, 
889879	, 
889880	, 
889881	, 
889882	, 
889883	, 
889884	, 
889885	, 
889886	, 
889887	, 
889888	, 
889890	, 
889891	, 
889892	, 
889893	, 
889894	, 
889895	, 
889896	, 
889897	, 
889898	, 
889899	, 
889900	, 
889901	, 
889902	, 
889903	, 
889904	, 
889905	, 
889906	, 
889907	, 
889908	, 
889909	, 
889910	, 
889911	, 
889912	, 
889913	, 
889914	, 
889915	, 
889916	, 
889917	, 
889918	, 
889919	, 
889920	, 
889921	, 
889922	, 
889923	, 
889924	, 
889925	, 
889926	, 
889927	, 
889928	, 
889929	, 
889930	, 
889931	, 
889932	, 
889933	, 
889934	, 
889935	, 
889936	, 
889937	, 
889938	, 
889939	, 
889940	, 
889941	, 
889942	, 
889943	, 
889944	, 
889945	, 
889946	, 
889947	, 
889948	, 
889949	, 
889950	, 
889951	, 
889952	, 
889953	, 
889954	, 
889955	, 
889956	, 
889957	, 
889958	, 
889959	, 
889960	, 
889961	, 
889962	, 
889963	, 
889964	, 
889965	, 
889966	, 
889967	, 
889968	, 
889969	, 
889970	, 
889971	, 
889972	, 
889973	, 
889974	, 
889975	, 
889976	, 
889977	, 
889978	, 
889979	, 
889980	, 
889981	, 
889982	, 
889983	, 
889984	, 
889985	, 
889986	, 
889987	, 
889988	, 
889990	, 
889991	, 
889992	, 
889993	, 
889994	, 
889995	, 
889996	, 
889997	, 
889998	, 
889999	, 
942288	, 
997321	, 
885362	, 
2577	, 
880085	, 
880086	, 
880089	, 
880092	, 
880093	, 
880094	, 
880095	, 
880096	, 
880097	, 
880098	, 
880099	, 
880107	, 
880109	, 
880124	, 
880131	, 
880146	, 
880156	, 
880162	, 
880163	, 
880164	, 
880167	, 
880171	, 
880172	, 
880177	, 
880182	, 
880184	, 
880186	, 
880187	, 
880188	, 
880191	, 
880192	, 
880193	, 
880198	, 
880207	, 
880209	, 
880212	, 
880222	, 
880228	, 
880234	, 
880238	, 
880244	, 
880245	, 
880246	, 
880247	, 
880251	, 
880252	, 
880254	, 
880267	, 
880268	, 
880276	, 
880279	, 
880321	, 
880364	, 
880365	, 
880366	, 
880367	, 
880368	, 
880369	, 
880370	, 
880371	, 
880372	, 
880373	, 
880374	, 
880375	, 
880377	, 
880440	, 
880448	, 
880980	, 
882302	, 
882303	, 
882304	, 
882305	, 
882306	, 
882307	, 
882308	, 
882309	, 
882313	, 
882318	, 
882320	, 
882322	, 
882326	, 
882329	, 
882332	, 
882335	, 
882336	, 
882337	, 
882338	, 
882341	, 
882344	, 
882347	, 
882348	, 
882349	, 
882352	, 
882353	, 
882355	, 
882357	, 
882364	, 
882365	, 
882366	, 
882367	, 
882368	, 
882370	, 
882371	, 
882373	, 
882374	, 
882377	, 
882379	, 
882381	, 
882382	, 
882383	, 
882384	, 
882385	, 
882386	, 
882388	, 
882405	, 
882414	, 
882440	, 
882441	, 
882444	, 
882507	, 
882516	, 
882519	, 
882524	, 
882526	, 
882527	, 
882528	, 
882534	, 
882535	, 
882536	, 
882537	, 
882538	, 
882539	, 
882540	, 
882541	, 
882543	, 
882545	, 
882546	, 
882548	, 
882552	, 
882555	, 
882559	, 
882561	, 
882564	, 
882565	, 
882566	, 
882567	, 
882568	, 
882569	, 
882571	, 
883843	, 
884121	, 
885236	, 
885237	, 
885239	, 
885240	, 
885243	, 
885244	, 
885245	, 
885246	, 
885248	, 
885254	, 
885256	, 
885257	, 
885259	, 
885262	, 
885263	, 
885264	, 
885266	, 
885267	, 
885269	, 
885270	, 
885271	, 
885272	, 
885273	, 
885274	, 
885276	, 
885277	, 
885278	, 
885968	, 
886070	, 
886071	, 
886072	, 
886073	, 
886153	, 
886154	, 
886156	, 
886157	, 
886158	, 
886165	, 
886167	, 
886168	, 
886169	, 
886170	, 
886173	, 
886190	, 
886191	, 
886192	, 
886193	, 
886196	, 
886197	, 
886198	, 
886199	, 
886200	, 
886201	, 
886202	, 
886203	, 
886204	, 
886205	, 
886206	, 
886207	, 
886208	, 
886209	, 
886211	, 
886212	, 
886213	, 
886216	, 
886217	, 
886218	, 
886219	, 
886223	, 
886224	, 
886226	, 
886227	, 
886228	, 
886231	, 
886232	, 
886233	, 
886234	, 
886235	, 
886236	, 
886237	, 
886238	, 
886239	, 
886241	, 
886242	, 
886243	, 
886246	, 
886247	, 
886250	, 
886253	, 
886254	, 
886255	, 
886256	, 
886257	, 
886258	, 
886259	, 
886260	, 
886262	, 
886263	, 
886264	, 
886265	, 
886266	, 
886267	, 
886268	, 
886270	, 
886271	, 
886272	, 
886273	, 
886274	, 
886275	, 
886276	, 
886277	, 
886278	, 
886280	, 
886281	, 
886286	, 
886287	, 
886288	, 
886289	, 
886290	, 
886291	, 
886293	, 
886295	, 
886298	, 
886299	, 
886310	, 
886355	, 
886562	, 
886563	, 
886803	, 
886901	, 
886902	, 
886903	, 
886906	, 
886908	, 
886909	, 
886910	, 
886911	, 
886912	, 
886913	, 
886914	, 
886915	, 
886916	, 
886919	, 
886920	, 
886921	, 
886923	, 
886924	, 
886925	, 
886926	, 
886937	, 
886938	, 
886941	, 
886943	, 
886944	, 
886945	, 
886947	, 
886949	, 
886951	, 
886952	, 
886956	, 
886958	, 
886972	, 
886976	, 
886977	, 
886978	, 
886980	, 
886983	, 
886984	, 
886985	, 
886986	, 
886987	, 
886988	, 
886989	, 
886991	, 
886992	, 
886993	, 
886994	, 
886995	, 
886996	, 
888881	, 
888882	, 
888883	, 
888885	, 
888901	, 
888903	, 
888904	, 
888905	, 
888906	, 
888907	, 
888994	, 
888995	, 
888996	, 
888997	, 
888999	, 
889008	, 
889009	, 
889010	, 
889011	, 
889013	, 
889014	, 
889015	, 
889017	, 
889025	, 
889026	, 
889027	, 
889028	, 
889029	, 
889036	, 
889038	, 
889039	, 
889040	, 
889043	, 
889044	, 
889045	, 
889046	, 
889047	, 
889048	, 
889049	, 
889051	, 
889053	, 
889055	, 
889056	, 
889057	, 
889059	, 
889063	, 
889065	, 
889068	, 
889069	, 
889070	, 
889072	, 
889076	, 
889077	, 
889078	, 
889079	, 
889084	, 
889085	, 
889086	, 
889087	, 
889091	, 
889092	, 
889095	, 
889098	, 
889108	, 
889109	, 
889110	, 
889112	, 
889113	, 
889114	, 
889117	, 
889118	, 
889119	, 
889122	, 
889123	, 
889124	, 
889125	, 
889126	, 
889127	, 
889128	, 
889129	, 
889130	, 
889131	, 
889132	, 
889133	, 
889135	, 
889136	, 
889137	, 
889138	, 
889139	, 
889147	, 
889148	, 
889149	, 
889152	, 
889153	, 
889155	, 
889156	, 
889157	, 
889158	, 
889162	, 
889163	, 
889164	, 
889165	, 
889166	, 
889167	, 
889170	, 
889175	, 
889176	, 
889178	, 
889179	, 
889181	, 
889182	, 
889184	, 
889186	, 
889187	, 
889188	, 
889189	, 
889190	, 
889192	, 
889196	, 
889197	, 
889198	, 
889199	, 
889200	, 
889201	, 
889202	, 
889203	, 
889204	, 
889205	, 
889206	, 
889207	, 
889208	, 
889209	, 
889210	, 
889213	, 
889233	, 
889234	, 
889235	, 
889236	, 
889237	, 
889238	, 
889239	, 
889241	, 
889242	, 
889243	, 
889244	, 
889245	, 
889247	, 
889249	, 
889250	, 
889252	, 
889253	, 
889254	, 
889255	, 
889256	, 
889257	, 
889259	, 
889260	, 
889261	, 
889262	, 
889263	, 
889264	, 
889265	, 
889266	, 
889267	, 
889268	, 
889270	, 
889273	, 
889274	, 
889275	, 
889276	, 
889282	, 
889285	, 
889286	, 
889287	, 
889291	, 
889292	, 
889293	, 
889294	, 
889295	, 
889296	, 
889297	, 
889298	, 
889300	, 
889303	, 
889304	, 
889307	, 
889308	, 
889309	, 
889310	, 
889312	, 
889313	, 
889314	, 
889315	, 
889316	, 
889317	, 
889318	, 
889319	, 
889321	, 
889323	, 
889324	, 
889325	, 
889326	, 
889327	, 
889328	, 
889329	, 
889330	, 
889331	, 
889332	, 
889335	, 
889336	, 
889337	, 
889338	, 
889340	, 
889341	, 
889342	, 
889343	, 
889344	, 
889345	, 
889346	, 
889347	, 
889349	, 
889350	, 
889352	, 
889355	, 
889357	, 
889358	, 
889359	, 
889362	, 
889364	, 
889365	, 
889366	, 
889367	, 
889368	, 
889369	, 
889370	, 
889371	, 
889372	, 
889373	, 
889374	, 
889375	, 
889376	, 
889377	, 
889378	, 
889380	, 
889381	, 
889382	, 
889383	, 
889384	, 
889386	, 
889387	, 
889388	, 
889391	, 
889392	, 
889393	, 
889394	, 
889395	, 
889396	, 
889397	, 
889399	, 
889400	, 
889403	, 
889404	, 
889405	, 
889407	, 
889408	, 
889409	, 
889410	, 
889411	, 
889412	, 
889413	, 
889414	, 
889415	, 
889416	, 
889417	, 
889419	, 
889420	, 
889421	, 
889422	, 
889423	, 
889426	, 
889428	, 
889430	, 
889434	, 
889435	, 
889436	, 
889437	, 
889439	, 
889441	, 
889442	, 
889443	, 
889444	, 
889445	, 
889446	, 
889449	, 
889450	, 
889451	, 
889455	, 
889456	, 
889457	, 
889458	, 
889459	, 
889460	, 
889464	, 
889466	, 
889469	, 
889470	, 
889471	, 
889472	, 
889473	, 
889474	, 
889475	, 
889476	, 
889477	, 
889478	, 
889479	, 
889480	, 
889481	, 
889483	, 
889484	, 
889485	, 
889486	, 
889488	, 
889491	, 
889492	, 
889496	, 
889499	, 
889504	, 
889507	, 
889508	, 
889509	, 
889510	, 
889511	, 
889512	, 
889513	, 
889514	, 
889515	, 
889517	, 
889518	, 
889519	, 
889532	, 
889533	, 
889534	, 
889535	, 
889536	, 
889537	, 
889538	, 
889539	, 
889540	, 
889544	, 
889546	, 
889547	, 
889549	, 
889550	, 
889551	, 
889554	, 
889555	, 
889557	, 
889558	, 
889559	, 
889560	, 
889561	, 
889564	, 
889565	, 
889566	, 
889567	, 
889568	, 
889569	, 
889698	, 
889802	, 
889803	, 
889804	, 
889806	, 
889807	, 
889808	, 
889809	, 
889810	, 
889855	, 
889889	, 
889989	, 
315830	, 
338848	, 
338854	, 
338904	, 
458264	, 
5332	, 
5355	, 
70221	, 
71700	, 
81167	, 
88323	, 
88814	, 
871227	, 
871228	, 
871229	, 
871230	, 
871231	, 
871232	, 
880087	, 
880176	, 
880258	, 
880264	, 
880266	, 
880557	, 
880593	, 
880698	, 
880843	, 
881207	, 
881208	, 
882345	, 
882356	, 
882358	, 
882359	, 
882376	, 
882415	, 
882462	, 
882494	, 
882508	, 
882542	, 
884124	, 
884253	, 
884256	, 
884257	, 
884258	, 
884259	, 
884261	, 
884263	, 
884852	, 
885089	, 
885241	, 
885261	, 
886006	, 
886007	, 
886010	, 
886014	, 
886017	, 
886036	, 
886051	, 
886052	, 
886058	, 
886069	, 
886076	, 
886079	, 
886083	, 
886084	, 
886086	, 
886088	, 
886089	, 
886090	, 
886091	, 
886092	, 
886093	, 
886096	, 
886097	, 
886098	, 
886099	, 
886225	, 
886229	, 
886240	, 
886261	, 
886282	, 
886283	, 
886296	, 
886303	, 
886304	, 
886353	, 
886957	, 
887043	, 
887088	, 
887093	, 
887163	, 
887164	, 
887165	, 
887166	, 
887167	, 
887172	, 
887173	, 
887174	, 
887176	, 
887177	, 
887178	, 
887180	, 
887182	, 
887183	, 
887190	, 
887194	, 
887195	, 
887212	, 
887213	, 
887215	, 
887216	, 
887217	, 
887221	, 
887222	, 
887223	, 
887226	, 
887229	, 
887233	, 
887234	, 
887236	, 
887237	, 
887253	, 
887263	, 
887264	, 
887265	, 
888438	, 
888439	, 
888902	, 
888914	, 
888959	, 
889007	, 
889032	, 
889033	, 
889034	, 
889037	, 
889042	, 
889075	, 
889088	, 
889097	, 
889115	, 
889116	, 
889171	, 
889193	, 
889194	, 
889195	, 
889215	, 
889246	, 
889248	, 
889272	, 
889280	, 
889281	, 
1807	, 
884251	, 
884252	)
; 